# hand orientation with respect to the camera
-0.985282 -0.152614 0.0769904 -0.156053 0.986906 -0.0407943 -0.0697565 -0.0522085 -0.996197 
# hand joints (51)
-1.5708 -0.0698132 1.62316 0.0349066 0.122173 -0.0523599 0 0 0 0 0 0 0 0 0 0.453786 0 0.244346 0.0523599 0 0 0.261799 0 0 0.15708 0 0 -0.0523599 0 0 0.174533 0 0 0.837758 0 0 0.15708 0 0 0.331613 0 0 1.02974 0 -0.244346 0.680678 0 0 0.15708 0 0 
# hand wrist and fingertip positions
-0.00940274 0.0114298 0.0418536 0.0135021 -0.00607807 0.00567705 0.012501 -0.000466499 -0.00799566 0.0126934 0.00463829 -0.0128031 0.0144624 0.0148765 0.0159876 0.00927521 0.0200104 0.024034 
 # hand orientation
(1 0 0 0)
 # hand position
(0.2646,-0.57,0.0868)
 # obj orientation
(1 0 0 0)
 # obj position
(0,0,-0.0162)
# object path
../objects/adductionGrip_onlyObject.obj
