# hand orientation with respect to the camera
0.891007 0 0.45399 0.45399 1.80411e-16 -0.891007 0 1 1.80411e-16 
# hand joints (51)
0.628319 0 0 0.0349066 0.122173 -0.0523599 0.10472 -0.20944 0.383972 0.488692 0 0 0.122173 0 0 0.314159 -0.10472 0 0.523599 0 0 0.890118 0 0 1.01229 0 0.0523599 0.15708 0 0 0.575959 0 0 1.43117 0.0174533 0 -0.418879 0 0 0.366519 0 0 1.46608 0.15708 0 -0.139626 0 0 -0.244346 0 0 
# hand wrist and fingertip positions
0.0181287 0.0203 -0.0130321 0.014813 0.0070353 0.0334512 -0.00339783 0.00239585 0.0235048 0.00432084 -0.00225064 0.00502921 0.00337819 -0.00334886 -0.00348847 -0.000738234 -0.00532178 -0.00674086 
 # hand orientation
(1 0 0 0)
 # hand position
(0.3095,-0.5577,0.0018)
 # obj orientation
(1 0 0 0)
 # obj position
(0,0,0)
# object path
../objects/adductedThumb_onlyObject.obj
