# hand orientation with respect to the camera
-0.40361 0.657376 -0.636362 -0.676614 -0.682638 -0.27604 -0.615867 0.319159 0.720309 
# hand joints (51)
-0.15708 -1.79769 0.0698132 0.0349066 0.122173 -0.0523599 -0.20944 0.261799 0.296706 0.279253 0 0 -0.645772 0 0 0.244346 0.453786 0.523599 0.244346 0 0 0.401426 0 0 0.418879 0.244346 0.698132 -0.122173 0 0 0.663225 0 0 0.471239 0.244346 0.593412 0.0349066 0 0 0.907571 0 0 0.523599 0.314159 0.558505 0.523599 0 0 0.733038 0 0 
# hand wrist and fingertip positions
0.0138232 -0.0664382 0.0192267 -0.00537052 -0.0287737 0.0266732 0.00436337 -0.0131337 0.040206 0.00171674 -0.0149247 0.021463 0.00317037 -0.0246856 0.0104273 0.0032573 -0.0329717 0.00195964 
 # hand orientation
(1 0 0 0)
 # hand position
(0.2875,-0.6654,0.045)
 # obj orientation
(1 0 0 0)
 # obj position
(0,-0.058,-0.0003)
# object path
../objects/extensionType_onlyObject.obj
