# hand orientation with respect to the camera
0.743535 0.105822 0.66027 0.657139 0.0671569 -0.750772 -0.12379 0.992115 -0.0196064 
# hand joints (51)
0.15708 0 0 0.0349066 0.122173 -0.0523599 0.506145 0 0 0.296706 0 0 0.191986 0 0 0.855211 -0.174533 0 1.01229 0 0 0.453786 0 0 1.27409 0 0 0.383972 0 0 0.436332 0 0 1.44862 0.0174533 0 -0.279253 0 0 0.715585 0 0 1.43117 0.15708 0 -0.244346 0 0 0.733038 0 0 
# hand wrist and fingertip positions
0.0234339 0.0159 -0.00302775 0.0104624 6.72612e-05 0.0415925 0.00496642 -0.000675484 0.0144407 0.0111577 -6.89176e-05 0.0052833 0.00822034 -0.00260571 -0.00225381 0.0063939 -0.00525711 -0.00773507 
 # hand orientation
(1 0 0 0)
 # hand position
(0.3182,-0.5621,0.02)
 # obj orientation
(1 0 0 0)
 # obj position
(0,0,0)
# object path
../objects/fixedHook_onlyObject.obj
