# hand orientation with respect to the camera
0.688984 -0.159064 0.707107 0.688984 -0.159064 -0.707107 0.224951 0.97437 6.93889e-17 
# hand joints (51)
0.785398 0.226893 0 0.0349066 0.122173 -0.0523599 0 -0.261799 0.331613 0.366519 0 0 -0.331613 0 0 -0.331613 0.261799 -0.244346 0.15708 0 0 0 0 0 0.663225 0 0 0.418879 0 0 0.663225 0 0 1.32645 0.0174533 0 -0.191986 0 0 0.15708 0 0 1.46608 0.15708 0 -0.226893 0 0 0.296706 0 0 
# hand wrist and fingertip positions
0.0142274 0.0230772 -0.0234274 0.00863151 0.00397237 0.0183471 -0.00430896 0.0103982 0.0396448 0.00408724 -0.0030232 -0.00190538 0.00486619 -0.00444564 -0.0152877 0.00176946 -0.00372103 -0.0203744 
 # hand orientation
(1 0 0 0)
 # hand position
(0.303,-0.5507,-0.0102)
 # obj orientation
(1 0 0 0)
 # obj position
(0.0023,0,0)
# object path
../objects/indexFingerExtension_onlyObject.obj
