# hand orientation with respect to the camera
0.987688 0.147186 0.0529903 -0.156434 0.929297 0.334567 6.93889e-18 -0.338738 0.940881 
# hand joints (51)
0 0 0 0.0349066 0.122173 -0.0523599 -0.0523599 0.471239 0.0872665 0 0 0 0.366519 0 0 0.802851 0 0 -0.244346 0 0 -0.244346 0 0 -0.139626 0 0 0 0 0 0 0 0 -0.453786 0 0 -0.349066 0 0 -0.0523599 0 0 -0.366519 0 0 -0.506145 0 0 0 0 0 
# hand wrist and fingertip positions
0.0317 0.0299 -0.0184 0.00676119 -0.00359646 0.00197038 -0.0159736 0.00595882 0.0017055 -0.0299391 0.0160166 -0.00607285 -0.0331329 0.0273404 -0.0153129 -0.0248469 0.0263768 -0.0250298 
 # hand orientation
(1 0 0 0)
 # hand position
(0.3267,-0.5481,0.0076)
 # obj orientation
(1 0 0 0)
 # obj position
(0,0,0)
# object path
../objects/inferiorPincerGrasp_onlyObject.obj
