# hand orientation with respect to the camera
0.00362313 -0.523998 -0.851712 0.000373408 0.851718 -0.524 0.999993 0.00158048 0.00328155 
# hand joints (51)
0.0349066 0 0.174533 0.0349066 0.122173 -0.0523599 0.122173 0.331613 0.331613 0.680678 0 0 -0.261799 0 0 0 0 -0.296706 0.418879 0 0 0.0872665 0 0 0.314159 0 0 -0.20944 0 0 0.296706 0 0 0.174533 0 0 -0.349066 0 0 0.331613 0 0 -0.261799 0 0 -0.349066 0 0 0.645772 0 0 
# hand wrist and fingertip positions
0.0149995 0.00803038 -0.00568399 -0.00454772 -0.0259618 0.0227327 -0.0377668 -0.00911474 0.0192743 -0.0362391 -0.0173674 0.00326592 -0.0375372 -0.0132085 -0.00489602 -0.0376894 -0.00338352 -0.0125661 
 # hand orientation
(1 0 0 0)
 # hand position
(0.31,-0.57,0.02)
 # obj orientation
(1 0 0 0)
 # obj position
(-0.0174,-0.0262,0)
# object path
../objects/largeDiameter_onlyObject.obj
