# hand orientation with respect to the camera
0.356721 -0.293171 0.887018 -0.74772 0.479616 0.45922 -0.560058 -0.827055 -0.0481207 
# hand joints (51)
-0.383972 -0.471239 1.50098 0.0349066 0.122173 -0.0523599 0.0872665 0.279253 0 -0.0174533 0 0 -0.698132 0 0 0.802851 -0.20944 0 0.837758 0 0 -0.261799 0 0 1.32645 -0.0872665 0.10472 0.785398 0 0 0.541052 0 0 1.36136 -0.0872665 0.0523599 0.698132 0 0 0.122173 0 0 1.5708 0.0523599 0 0.698132 0 0 0.349066 0 0 
# hand wrist and fingertip positions
0.0182923 0.00900151 0.0241847 -0.00189119 0.00804835 -0.0123175 -0.00237567 0.00842187 -0.00938658 0.00792753 0.0124583 0.0135466 0.0130007 0.0186354 0.0119766 0.0165984 0.0237385 0.0130514 
 # hand orientation
(1 0 0 0)
 # hand position
(0.3093,-0.5795,0.0584)
 # obj orientation
(1 0 0 0)
 # obj position
(0,0,0)
# object path
../objects/lateralTripod_onlyObject.obj
