# hand orientation with respect to the camera
-0.450528 0.517495 0.727478 0.889632 0.328412 0.317333 -0.0746946 0.790155 -0.608339 
# hand joints (51)
1.44862 0 0 0.0349066 0.122173 -0.0523599 0.279253 -0.383972 0 0.0174533 0 0 -0.645772 0 0 0.890118 -0.139626 0 1.09956 0 0 0.872665 0 0 1.27409 0 0 0.733038 0 0 0.663225 0 0 1.44862 0.0174533 0 0.296706 0 0 0.907571 0 0 1.43117 0.15708 -0.10472 0.523599 0 0 0.733038 0 0 
# hand wrist and fingertip positions
-0.0177155 0.0206 -0.0413416 0.000425389 0.011249 -0.00351093 -0.0053567 0.00940106 -0.0192471 -0.0138231 0.0133911 -0.0262346 -0.0219293 0.0124376 -0.0273012 -0.027528 0.0100908 -0.028716 
 # hand orientation
(1 0 0 0)
 # hand position
(0.2606,-0.5574,-0.0342)
 # obj orientation
(1 0 0 0)
 # obj position
(0,0,0)
# object path
../objects/lateral_onlyObject.obj
