# hand orientation with respect to the camera
0.997728 0.0335282 -0.0584363 -0.0506917 -0.197727 -0.978946 -0.0443767 0.979684 -0.195578 
# hand joints (51)
-0.0523599 0 -0.0523599 0.0349066 0.122173 -0.0523599 0.15708 -0.383972 0.261799 0.331613 0 0 0.366519 0 0 0.593412 -0.15708 0 0.855211 0 0 1.53589 0 0 0.593412 0 0 1.16937 0 0 1.36136 0 0 0.296706 0.0523599 0 1.16937 0 0 1.15192 0 0 -0.418879 0.15708 0 0.802851 0 0 1.53589 0 0 
# hand wrist and fingertip positions
0.0347206 0.00800274 -0.00688985 0.00251455 0.00338542 0.0278944 0.00456631 -0.00181461 0.00771734 0.00465259 0.00498973 -0.00167926 0.00481469 0.00161821 -0.00897314 0.000485522 -0.00373657 -0.0164373 
 # hand orientation
(1 0 0 0)
 # hand position
(0.3297,-0.57,0.02)
 # obj orientation
(1 0 0 0)
 # obj position
(0,0,0)
# object path
../objects/lightTool_onlyObject.obj
