# hand orientation with respect to the camera
0.0291367 0.0917718 -0.995354 -0.9954 -0.0882617 -0.0372758 -0.0912725 0.991861 0.088778 
# hand joints (51)
0.15708 0 0.0872665 0.0349066 0.122173 -0.0523599 0.261799 0.15708 0 0.0698132 0 0 -0.488692 0 0 0.855211 -0.10472 0 0.593412 0 0 0.418879 0 0 1.13446 0 0 0 0 0 0.593412 0 0 1.18682 0.0174533 0 -0.523599 0 0 0.855211 0 0 1.16937 0.15708 0 -0.244346 0 0 0.244346 0 0 
# hand wrist and fingertip positions
0.0152067 0.00800761 -0.00319991 -0.0100723 -0.0194074 0.0230054 -0.00844789 -0.015858 0.0140094 -0.00380741 -0.0158204 0.00518463 -0.0086235 -0.0158004 -0.00177048 -0.00970594 -0.0183195 -0.00719092 
 # hand orientation
(1 0 0 0)
 # hand position
(0.31,-0.57,0.02)
 # obj orientation
(1 0 0 0)
 # obj position
(-0.0107,-0.0133,0)
# object path
../objects/mediumWrap_onlyObject.obj
