# hand orientation with respect to the camera
0.273526 -0.136807 -0.952086 -0.921803 0.245408 -0.300089 0.274704 0.959718 -0.0589836 
# hand joints (51)
0 -1.309 -0.0349066 0.0349066 0.122173 -0.0523599 0.541052 -0.383972 0 0.0872665 0 0 0.418879 0 0 1.13446 -0.174533 0 0.977384 0 0 0.366519 0 0 1.29154 0 0 0.785398 0 0 -0.331613 0 0 1.41372 0.0174533 0 0.401426 0 0 -0.15708 0 0 1.46608 0.15708 0 0.680678 0 0 -0.20944 0 0 
# hand wrist and fingertip positions
0.0100518 -0.0156647 -0.0059302 0.000800737 0.00633989 0.0354616 -0.00769391 -0.00452922 0.00792482 -0.00739456 -0.00868739 0.00106103 -0.0081128 -0.00816963 -0.00762021 -0.00807681 -0.00796746 -0.0143224 
 # hand orientation
(1 0 0 0)
 # hand position
(0.2929,-0.6135,0.02)
 # obj orientation
(1 0 0 0)
 # obj position
(-0.0049,-0.0725,0)
# object path
../objects/palmarGrasp_onlyObject.obj
