# hand orientation with respect to the camera
0.982287 1.38778e-17 -0.187381 -0.187381 2.63678e-16 -0.982287 1.38778e-17 1 2.63678e-16 
# hand joints (51)
0 0 0 0.0349066 0.122173 -0.0523599 -0.244346 0.314159 1.16937 -0.0872665 0 0 0.750492 0 0 0.820305 0 0 0.453786 0 0 -0.331613 0 0 0 0 0 0 0 0 0 0 0 0 0 0 0 0 0 -0.0523599 0 0 0 0 0 0 0 0 0 0 0 
# hand wrist and fingertip positions
0.0316 0.0314 -0.0169 0.00149877 0.00346759 0.00254013 -0.00329027 0.00440804 0.00183447 -0.0271044 0.0136042 -0.00470435 -0.0224784 0.0117508 -0.0141378 -0.0178946 0.0123669 -0.0234973 
 # hand orientation
(1 0 0 0)
 # hand position
(0.3266,-0.5466,0.0091)
 # obj orientation
(1 0 0 0)
 # obj position
(0,0,0)
# object path
../objects/palmarPinch_onlyObject.obj
