# hand orientation with respect to the camera
-0.76171 0.624783 -0.171593 0.64148 0.764456 -0.0641175 0.0911154 -0.158912 -0.983079 
# hand joints (51)
-0.698132 -0.0174533 1.76278 0.0349066 0.122173 -0.0523599 -0.401426 0.296706 0.750492 0.349066 0 0 0.0872665 0 0 0.698132 0 0 -0.244346 0 0 -0.15708 0 0 0.750492 0 0 -0.593412 0 0 -0.314159 0 0 0.680678 0 0 -0.767945 0 0 -0.0698132 0 0 0.506145 0 0 -0.593412 0 0 0 0 0 
# hand wrist and fingertip positions
0.0166144 0.0107132 0.0511892 0.0125471 0.00241073 0.00635987 -0.00534885 -0.00408015 -0.000848625 -0.0038624 0.00510397 -0.00449778 -0.0046563 0.0139825 -0.000176605 -0.00622261 0.0223584 0.00474566 
 # hand orientation
(1 0 0 0)
 # hand position
(0.3059,-0.57,0.0909)
 # obj orientation
(1 0 0 0)
 # obj position
(0.0041,-0.0255,-0.0227)
# object path
../objects/parallelExtension_onlyObject.obj
