# hand orientation with respect to the camera
0.996057 0.0626666 -0.0627905 -0.0626666 -0.00394265 -0.998027 -0.0627905 0.998027 -2.22045e-16 
# hand joints (51)
0 0 0 0.0349066 0.122173 -0.0523599 -0.0872665 0.523599 0.261799 -0.226893 0 0 -0.139626 0 0 0.977384 0 0.244346 0.244346 0 0 -0.0174533 0 0 0.645772 -0.0523599 0 0.20944 0 0 -0.0174533 0 0 0.401426 -0.191986 -0.0872665 0.20944 0 0 0.401426 0 0 0.453786 -0.20944 -0.20944 0.575959 0 0 0.226893 0 0 
# hand wrist and fingertip positions
0.015 0.008 -0.006 -0.0133971 -0.0221725 0.00294357 -0.0168933 -0.0195267 0.00846961 -0.0206775 -0.020349 0.00259328 -0.0222097 -0.0159379 -0.00668783 -0.0158963 -0.0159003 -0.0140702 
 # hand orientation
(1 0 0 0)
 # hand position
(0.31,-0.57,0.02)
 # obj orientation
(1 0 0 0)
 # obj position
(-0.0144,-0.0174,-0.0021)
# object path
../objects/powerSphere_onlyObject.obj
