# hand orientation with respect to the camera
0.0172141 -0.231916 -0.972583 -0.907017 0.405707 -0.112796 0.420743 0.884091 -0.203368 
# hand joints (51)
0 -1.13446 0.122173 0.0349066 0.10472 -0.0523599 0.715585 0.20944 0 -0.645772 0 0 -1.53589 0 0 0.20944 0.331613 0 1.48353 0 0 0.925025 0 0 0 0.15708 0 1.09956 0 0 1.32645 0 0 -0.261799 0 0 1.22173 0 0 0.959931 0 0 -0.331613 -0.244346 0 1.29154 0 0 1.09956 0 0 
# hand wrist and fingertip positions
0.0328711 0.000380912 -0.00144374 0.0081825 0.00933108 0.00873156 0.0116045 0.0226711 0.0148797 0.0129915 0.0297629 0.00533802 0.0112868 0.0285131 -0.00326366 0.0110236 0.0241487 -0.0124876 
 # hand orientation
(1 0 0 0)
 # hand position
(0.3187,-0.596,0.0248)
 # obj orientation
(1 0 0 0)
 # obj position
(0.0137,-0.0006,0)
# object path
../objects/powerDisk_onlyObject.obj
