# hand orientation with respect to the camera
0.844328 1.11022e-16 -0.535827 -0.535827 2.22045e-16 -0.844328 0 1 2.498e-16 
# hand joints (51)
0 0 0 0.0349066 0.122173 0 0.244346 0.331613 0 -0.226893 0 0 -0.279253 0 0 0.244346 0.331613 0.314159 0.855211 0 0 -0.0349066 0 0 0.0174533 0.139626 0.0872665 0.558505 0 0 0 0 0 -0.0698132 -0.139626 -0.10472 0.418879 0 0 0.122173 0 0 0.191986 -0.261799 -0.383972 0.279253 0 0 0.349066 0 0 
# hand wrist and fingertip positions
0.0333 0.0363 -0.006 0.00642639 0.00568833 0.0107183 -0.00981921 0.0158587 0.0122213 -0.0136093 0.0151334 0.00477007 -0.0140417 0.0165099 -0.00507987 -0.00758425 0.0143216 -0.0135171 
 # hand orientation
(1 0 0 0)
 # hand position
(0.3283,-0.5417,0.02)
 # obj orientation
(1 0 0 0)
 # obj position
(0,0,0)
# object path
../objects/precisionSphere_onlyObject.obj
