# hand orientation with respect to the camera
-5.55112e-16 0.201078 -0.979575 2.35922e-16 -0.979575 -0.201078 -1 -2.77556e-16 -1.85615e-16 
# hand joints (51)
0 -1.5708 0.0174533 0.0349066 0.122173 -0.0174533 0.663225 0 0 0.0872665 0 0 -0.331613 0 0 0.349066 0.331613 0 0.314159 0 0 0 0 0 0.0872665 0.15708 0 0.0872665 0 0 0 0 0 0 0 0 0 0 0 0 0 0 0 -0.244346 0 0.122173 0 0 0 0 0 
# hand wrist and fingertip positions
0.0077003 -0.058 -0.0063349 -0.0121716 -0.0348393 0.0304522 -0.0132454 -0.0116837 0.0215782 -0.0132279 -0.00406703 0.00899054 -0.0119661 -0.00427898 -0.00457874 -0.0117521 -0.00966347 -0.0192542 
 # hand orientation
(1 0 0 0)
 # hand position
(0.2857,-0.657,0.0197)
 # obj orientation
(1 0 0 0)
 # obj position
(-0.0115,-0.057,-0.0001)
# object path
../objects/precisionDisk_onlyObject.obj
