# hand orientation with respect to the camera
0.996627 0.0126587 0.0810864 0.0622303 -0.760703 -0.64611 0.0535037 0.648977 -0.758924 
# hand joints (51)
0.349066 0 0.715585 0.0349066 0.10472 0.0698132 -0.366519 -0.20944 0.401426 0.0523599 0 0 0.349066 0 0 -0.10472 -0.0698132 0.174533 1.0472 0 0 0.296706 0 0 0.174533 -0.20944 0 0.698132 0 0 0.349066 0 0 0.959931 -0.10472 0 1.13446 0 0 0.366519 0 0 0.942478 0.0174533 0 0.942478 0 0 0.453786 0 0 
# hand wrist and fingertip positions
0.0356971 0.0149906 -0.000734605 -0.00212998 -0.00432319 0.0123337 -0.00589393 -0.00468927 0.013184 -0.00333965 -0.00253789 0.00245927 0.0151919 0.0128069 -0.000144722 0.012608 0.0136491 -0.0111044 
 # hand orientation
(1 0 0 0)
 # hand position
(0.33,-0.5635,0.02)
 # obj orientation
(1 0 0 0)
 # obj position
(-0.0021,-0.0027,0)
# object path
../objects/prismatic2Finger_onlyObject.obj
