# hand orientation with respect to the camera
0.956305 0.191813 0.220656 0.292372 -0.627392 -0.721732 -2.77556e-17 0.75471 -0.656059 
# hand joints (51)
0.296706 0 0.715585 0.0349066 0.10472 -0.0523599 -0.471239 -0.0698132 0.401426 0.0523599 0 0 0.349066 0 0 -0.10472 -0.0698132 0.174533 1.0472 0 0 0.296706 0 0 0.15708 -0.20944 0 0.698132 0 0 0.349066 0 0 0.349066 -0.10472 0 0.471239 0 0 -0.174533 0 0 0.942478 0.0174533 0 0.959931 0 0 0.453786 0 0 
# hand wrist and fingertip positions
0.0354466 0.0149906 -0.00169972 -0.002829 -0.00522979 0.00561173 -0.00612652 -0.00501326 0.0118043 -0.00334566 -0.00390702 0.00128961 -0.00592977 -0.00284911 -0.00727108 0.0132331 0.0115997 -0.0130952 
 # hand orientation
(1 0 0 0)
 # hand position
(0.33,-0.5635,0.02)
 # obj orientation
(1 0 0 0)
 # obj position
(-0.0021,-0.0027,0)
# object path
../objects/prismatic3Finger_onlyObject.obj
