# hand orientation with respect to the camera
-0.31583 -0.499858 -0.80647 0.204031 0.794311 -0.572225 0.926619 -0.34527 -0.148881 
# hand joints (51)
-0.0349066 0.383972 -0.314159 0.0349066 0.122173 -0.0523599 0.0698132 0.750492 0.418879 -0.0174533 0 0 -0.401426 0 0 0.925025 0.296706 0.436332 0.191986 0 0 -0.0349066 0 0 0.698132 -0.244346 -0.418879 -0.0523599 0 0 0.174533 0 0 1.25664 -0.20944 -0.698132 -0.523599 0 0 0 0 0 1.53589 0.191986 -0.418879 0.575959 0 0 0.349066 0 0 
# hand wrist and fingertip positions
0.0192848 0.0419189 -0.0193723 0.00850676 0.00718612 0.00432376 -0.00708572 0.0109885 0.00844745 -0.00885749 0.00474948 -0.00206349 0.00124224 0.00454885 -0.010497 0.0109525 0.027668 -0.0191857 
 # hand orientation
(1 0 0 0)
 # hand position
(0.3122,-0.5292,0.0066)
 # obj orientation
(1 0 0 0)
 # obj position
(0,0,0)
# object path
../objects/quadpod_onlyObject.obj
