# hand orientation with respect to the camera
0.705711 -0.242239 -0.665802 -0.705711 -0.157052 -0.690873 0.0627905 0.957421 -0.281784 
# hand joints (51)
0 0 0.349066 0.0349066 0.122173 0.10472 -0.10472 0.331613 0.331613 0.680678 0 0 -0.261799 0 0 -0.0349066 0 -0.296706 0.558505 0 0 0.0174533 0 0 -0.331613 0 0 -0.523599 0 0 -0.0349066 0 0 -0.750492 0 0 -0.680678 0 0 0.296706 0 0 -0.890118 0 0 -0.628319 0 0 -0.122173 0 0 
# hand wrist and fingertip positions
0.0347 0.0379206 -0.00668404 0.00919989 -0.0013363 0.00240646 -0.0179357 0.0147308 0.0103788 -0.0348664 0.0350049 0.0061784 -0.0292431 0.0464807 0.000953774 -0.0170695 0.0533282 -0.00716811 
 # hand orientation
(1 0 0 0)
 # hand position
(0.3297,-0.5402,0.02)
 # obj orientation
(1 0 0 0)
 # obj position
(0,0,0)
# object path
../objects/ringGrasp_onlyObject.obj
