# hand orientation with respect to the camera
0.386028 0.175401 0.905658 0.558636 -0.825719 -0.0781949 0.734103 0.536119 -0.416736 
# hand joints (51)
0.296706 -0.0174533 0.139626 0.0349066 0.0174533 -0.0174533 -0.0698132 0.261799 0 -0.139626 0 0 -0.593412 0 0 0.855211 -0.10472 0 1.01229 0 0 0.453786 0 0 1.27409 0 0 0.383972 0 0 0.436332 0 0 1.44862 0 0 -0.279253 0 0 0.715585 0 0 1.43117 0.0872665 0 -0.244346 0 0 0.733038 0 0 
# hand wrist and fingertip positions
0.0157185 0.00825136 -0.00560186 -0.0135926 -0.0175291 0.00307613 -0.00316034 -0.0100033 0.010421 0.00262003 -0.00807439 0.000454877 -0.000819094 -0.00912332 -0.00764685 -0.0032763 -0.0108121 -0.0143997 
 # hand orientation
(1 0 0 0)
 # hand position
(0.31,-0.5701,0.0151)
 # obj orientation
(1 0 0 0)
 # obj position
(-0.0055,-0.0065,0)
# object path
../objects/smallDiameter_onlyObject.obj
