# hand orientation with respect to the camera
-0.0184628 -0.9408 -0.338459 -0.0254118 0.338849 -0.940497 0.999507 -0.00876332 -0.0301636 
# hand joints (51)
0 0 0 0.0349066 0.122173 -0.0523599 0.0349066 0.523599 0.418879 -0.0174533 0 0 -0.401426 0 0 0.837758 0.10472 0.15708 0.191986 0 0 0.174533 0 0 0.610865 0 0 0 0 0 0 0 0 0.715585 -0.296706 0 0.10472 0 0 0.122173 0 0 1.27409 0.122173 -0.0872665 0.174533 0 0 0.628319 0 0 
# hand wrist and fingertip positions
0.0287 0.0293 -0.006 0.000769327 -0.000852776 0.00940196 -0.00642203 0.00277502 0.0131645 -0.0121184 0.000432794 0.0046655 -0.00322636 0.0027682 -0.011992 0.012618 0.0103816 -0.0133857 
 # hand orientation
(1 0 0 0)
 # hand position
(0.3237,-0.5487,0.02)
 # obj orientation
(1 0 0 0)
 # obj position
(0,0,0)
# object path
../objects/sphere4Finger_onlyObject.obj
