# hand orientation with respect to the camera
1 2.79515e-311 1.3154e-311 2.18445e-311 -0.338738 -0.940881 -2.18432e-311 0.940881 -0.338738 
# hand joints (51)
0 0 0 0.0349066 0.122173 -0.0523599 0.471239 0.139626 0.418879 -0.0174533 0 0 -0.244346 0 0 0.593412 0.296706 0.314159 0.20944 0 0 0.244346 0 0 0.680678 -0.10472 -0.15708 -0.139626 0 0 0.279253 0 0 1.27409 -0.20944 -0.244346 0.593412 0 0 0.122173 0 0 1.27409 0 -0.244346 0.680678 0 0 0.628319 0 0 
# hand wrist and fingertip positions
0.0288 0.0296 -0.0152 0.000718799 0.00978766 0.0173286 -0.0132063 0.00607251 0.00731867 -0.0103404 0.000949349 -0.00552586 0.0140761 0.016095 -0.0152757 0.0133658 0.0176053 -0.0224956 
 # hand orientation
(1 0 0 0)
 # hand position
(0.3238,-0.5484,0.0108)
 # obj orientation
(1 0 0 0)
 # obj position
(0,0,0)
# object path
../objects/sphere3Finger_onlyObject.obj
