# hand orientation with respect to the camera
0.668723 -0.0233523 0.743145 0.703385 0.343786 -0.622142 -0.240954 0.938758 0.246323 
# hand joints (51)
0.837758 0.0349066 0 0.0349066 0.122173 -0.0523599 -0.20944 -0.401426 0.331613 0.15708 0 0 0.366519 0 0 0.226893 -0.0698132 0.314159 0.523599 0 0 0.750492 0 0 0.977384 0 0 1.23918 0 0 -0.0174533 0 0 1.44862 0.0174533 0 -0.0523599 0 0 0.680678 0 0 1.36136 0.15708 0 0.0349066 0 0 0.418879 0 0 
# hand wrist and fingertip positions
0.012941 0.0106381 -0.0172407 0.00321993 0.00152279 0.026226 -0.00626039 -0.00791837 0.0216778 0.00699979 0.00179851 -0.000844166 0.00262117 -0.00519477 -0.00879918 -0.00269163 -0.0111036 -0.0110578 
 # hand orientation
(1 0 0 0)
 # hand position
(0.3016,-0.5667,-0.0053)
 # obj orientation
(1 0 0 0)
 # obj position
(0,0,0)
# object path
../objects/stick_onlyObject.obj
