# hand orientation with respect to the camera
0.987201 -0.156357 0.0314108 0.031024 -0.00491373 -0.999507 0.156434 0.987688 3.38271e-17 
# hand joints (51)
0 0 0 0.0349066 0.122173 -0.0523599 0.15708 0.122173 0.20944 -0.0174533 0 0 -0.890118 0 0 0.541052 0 0 0.541052 0 0 0.523599 0 0 -0.0872665 0 0 0.10472 0 0 0.610865 0 0 -0.436332 0 0 0 0 0 0.296706 0 0 -0.523599 0 0 -0.628319 0 0 -0.122173 0 0 
# hand wrist and fingertip positions
0.0329 0.0218 -0.0061 0.00135625 0.00165324 0.00926536 -0.0020262 -0.000122521 0.0123496 -0.0196821 0.00506174 0.00480046 -0.026095 0.0114052 -0.00327153 -0.0229448 0.0252813 -0.0132143 
 # hand orientation
(1 0 0 0)
 # hand position
(0.3279,-0.5562,0.0199)
 # obj orientation
(1 0 0 0)
 # obj position
(0,0,0.0101)
# object path
../objects/tipPinch_onlyObject.obj
