# hand orientation with respect to the camera
0.0794583 -0.683845 -0.725288 0.0504258 0.729414 -0.682211 0.995562 0.0176341 0.0924414 
# hand joints (51)
0 0 0 0.0349066 0.122173 -0.0523599 0.0349066 0.314159 0.418879 -0.0174533 0 0 -0.401426 0 0 0.191986 0.0523599 0.15708 0.645772 0 0 -0.0349066 0 0 0.366519 -0.0872665 0.331613 0.418879 0 0 0.174533 0 0 1.48353 -0.0872665 -0.331613 0.575959 0 0 0.122173 0 0 1.53589 0.191986 -0.418879 0.575959 0 0 0.349066 0 0 
# hand wrist and fingertip positions
0.0364 0.0256 -0.012 0.00437928 0.000347994 0.00494969 -0.0109694 0.00626762 0.00578973 -0.00308039 0.00171784 -0.0108944 0.0242943 0.0165825 -0.00923048 0.0233467 0.0158505 -0.014666 
 # hand orientation
(1 0 0 0)
 # hand position
(0.3314,-0.5524,0.014)
 # obj orientation
(1 0 0 0)
 # obj position
(-0.0008,-0.0013,0)
# object path
../objects/tripod_onlyObject.obj
