# hand orientation with respect to the camera
0.776081 0.025332 0.630124 0.628458 -0.11399 -0.769446 0.052336 0.993159 -0.104385 
# hand joints (51)
0.680678 0.0523599 0.10472 0.0349066 0.122173 -0.0523599 -0.20944 -0.401426 0.331613 0.15708 0 0 0.366519 0 0 0.0523599 0.15708 0 -0.0872665 0 0 0 0 0 0.977384 0 0 1.23918 0 0 -0.0174533 0 0 1.44862 0.0174533 0 -0.0523599 0 0 0.680678 0 0 1.36136 0.15708 0 0.0349066 0 0 0.418879 0 0 
# hand wrist and fingertip positions
0.0185038 0.0104193 -0.0391873 0.00173666 -0.00161143 0.00132281 -0.0117904 -0.00313532 0.0173089 0.00965198 0.000659858 -0.0247414 0.00619113 -0.00534621 -0.0338689 0.000987591 -0.010685 -0.0374271 
 # hand orientation
(1 0 0 0)
 # hand position
(0.3093,-0.5666,-0.0249)
 # obj orientation
(1 0 0 0)
 # obj position
(0,0,0)
# object path
../objects/ventralGrasp_onlyObject.obj
