# hand orientation with respect to the camera
0.948583 -0.249675 -0.194557 -0.303324 -0.8927 -0.333288 -0.0904676 0.375165 -0.922533 
# hand joints (51)
-0.523599 -0.122173 1.23918 0.0349066 0.122173 -0.0523599 0.122173 0.0174533 0.191986 0.139626 0 0 -0.593412 0 0 0.593412 0 0.15708 0.418879 0 0 -0.471239 0 0 0.733038 -0.0872665 -0.122173 -0.0523599 0 0 0.174533 0 0 0.733038 -0.0523599 -0.20944 -0.0523599 0 0 0.191986 0 0 0.733038 0.296706 -0.0872665 -0.0349066 0 0 0.15708 0 0 
# hand wrist and fingertip positions
0.026645 0.0204692 0.0143934 0.000563211 -0.00156442 -0.0140761 -0.00530613 0.00177845 -0.0242694 0.00558313 0.00654756 -0.0259794 0.00870452 0.0129108 -0.0239225 0.0113035 0.0168702 -0.0229197 
 # hand orientation
(1 0 0 0)
 # hand position
(0.3181,-0.5612,0.0515)
 # obj orientation
(1 0 0 0)
 # obj position
(0,0,0)
# object path
../objects/writingTripod_onlyObject.obj
